Part A.1: 
The matrix generated is:
 A=  0.840  0.394  0.783  0.798
  0.912  0.198  0.335  0.768
  0.278  0.554  0.477  0.629
  0.365  0.513  0.952  0.916
  0.636  0.717  0.142  0.607
  0.016  0.243  0.137  0.804
It has been factorized into QR. 
 Q=  0.573 -0.161  0.328 -0.167
  0.622 -0.489 -0.126  0.322
  0.189  0.524  0.059 -0.103
  0.249  0.397  0.663 -0.024
  0.433  0.449 -0.659 -0.206
  0.011  0.318 -0.020  0.903
Checking that R is upper triangular. 
 R=  1.467  0.895  1.047  1.554
  0.000  0.733  0.445  0.717
  0.000  0.000  0.778  0.393
  0.000  0.000  0.000  0.628
Calculating the matrix product:
 transpose(Q)*Q=
  1.000  0.000  0.000  0.000
  0.000  1.000 -0.000  0.000
  0.000 -0.000  1.000 -0.000
  0.000  0.000 -0.000  1.000
QR=
  0.840  0.394  0.783  0.798
  0.912  0.198  0.335  0.768
  0.278  0.554  0.477  0.629
  0.365  0.513  0.952  0.916
  0.636  0.717  0.142  0.607
  0.016  0.243  0.137  0.804
Part A.2:
Generating a random matrix A and vector b for the system Ax=b
A=
  0.146  0.578 -0.632 -0.176  0.462
  0.203  0.705  0.333 -0.188 -0.562
  0.594 -0.080 -0.345  0.653 -0.309
  0.718 -0.334  0.099 -0.595  0.099
  0.264  0.227  0.601  0.392  0.604
b=
0.949327
0.525995
0.0860558
0.192214
0.663227
Finding the solution x=
-1.7379
-1.43561
0.44816
1.29266
1.60012
Checking the solution Ax=b
b=
0.949327
0.525995
0.0860558
0.192214
0.663227
Part B: Generating a random matrix A
A=  0.890  0.349  0.064  0.020  0.458  0.063
  0.238  0.971  0.902  0.851  0.267  0.540
  0.375  0.760  0.513  0.668  0.532  0.039
  0.438  0.932  0.931  0.721  0.284  0.739
  0.640  0.354  0.688  0.166  0.440  0.880
  0.829  0.330  0.229  0.893  0.350  0.687
Factorizing a into Q and R
 Q=
  0.590 -0.276 -0.440 -0.564 -0.205 -0.152
  0.158  0.662  0.015  0.087 -0.183 -0.705
  0.249  0.398 -0.365  0.009  0.773  0.222
  0.290  0.502  0.169 -0.083 -0.457  0.648
  0.424 -0.112  0.800 -0.217  0.332 -0.106
  0.549 -0.252 -0.074  0.788 -0.092  0.005
R=
  1.510  1.150  0.995  1.082  0.906  1.097
  0.000  1.193  1.115  0.941  0.267  0.454
  0.000  0.000  0.489 -0.051 -0.017  0.744
  0.000  0.000  0.000  0.676 -0.073  0.300
  0.000  0.000  0.000  0.000  0.252 -0.190
  0.000  0.000  0.000  0.000  0.000  0.008
Calculating the product
 QR=
  0.890  0.349  0.064  0.020  0.458  0.063
  0.238  0.971  0.902  0.851  0.267  0.540
  0.375  0.760  0.513  0.668  0.532  0.039
  0.438  0.932  0.931  0.721  0.284  0.739
  0.640  0.354  0.688  0.166  0.440  0.880
  0.829  0.330  0.229  0.893  0.350  0.687
B is calculated as the matrix inverse. Now checking that AB=I,
AB=  1.000 -0.000 -0.000  0.000 -0.000  0.000
 -0.000  1.000 -0.000  0.000  0.000  0.000
 -0.000 -0.000  1.000  0.000 -0.000 -0.000
  0.000  0.000  0.000  1.000 -0.000 -0.000
  0.000  0.000 -0.000 -0.000  1.000  0.000
 -0.000  0.000  0.000 -0.000 -0.000  1.000
